1010
1020
1030
1040
1050
1060
1071
1081
1091
1100
1110
1121
1131
1141
1150
1160
1171
1181
1191
1200
1210
1220
1230
1240
1250
2010
2021
2031
2041
2050
2061
2071
2080
2091
2101
2111
2120
2130
2140
2151
2161
2171
2180
2191
2201
2210
2221
2231
2241
2250
3010
3020
3030
3040
3050
3060
3071
3081
3091
3100
3110
3121
3131
3141
3150
3160
3171
3181
3191
3200
3210
3220
3230
3240
3250
4010
4020
4030
4040
4050
4060
4070
4080
4090
4100
4110
4120
4130
4140
4150
4160
4170
4180
4190
4200
4210
4220
4230
4240
4250
5010
5020
5030
5040
5050
5060
5070
5080
5090
5100
5110
5120
5130
5140
5150
5160
5170
5180
5190
5200
5210
5220
5230
5240
5250
